Valid for 25-Sep-2026 Value Date
Rs.3 Cr to
Rs. 3.50 Cr
Above
Rs.3.50 Cr
to Rs. 4 Cr
Above Rs 4
Cr to Rs.
5.60 Cr
Above
Rs.5.60 Cr
to Rs. 5.75
Cr
Above
Rs.5.75 Cr
to Rs.
10.60 Cr
Above
Rs.10.60
Cr to Rs.
10.75 Cr
Above
Rs.10.75
Cr to Rs.
15 Cr
Above Rs.
15 Cr to
Rs. 25 Cr
Above Rs.
25 Cr to
Rs. 35 Cr
Above Rs.
35 Cr to
Rs. 50 Cr
Above Rs.
50 Cr to
Rs. 75 Cr
Above Rs.
75 Cr to Rs.
105.70 Cr
Above Rs.
105.70 Cr
to Rs.
106.50 Cr
Above Rs.
106.50 Cr
to Rs. 150
Cr
Above Rs.
150 Cr to
Rs. 200 Cr
Above Rs.
200 Cr to
Rs. 225 Cr
Above Rs.
225 Cr
7 days to 10 days 3.95 3.95 3.95 3.00 3.95 3.00 3.95 3.95 3.95 3.95 3.95 3.95 3.95 3.95 3.95 3.95 3.95
11 days to 14 days 3.95 3.95 3.95 3.00 3.95 3.00 3.95 3.95 3.95 3.95 3.95 3.95 3.95 3.95 3.95 3.95 3.95
15 days to 22days 3.95 3.95 3.95 3.00 3.95 3.00 3.95 3.95 3.95 3.95 3.95 3.95 3.95 3.95 3.95 3.95 3.95
23 days to 30 days 4.70 4.70 4.70 3.00 4.70 3.00 4.70 4.70 4.70 4.70 4.70 4.70 4.70 4.70 4.70 4.70 4.70
31 days to 45 days 4.70 4.70 4.70 3.00 4.70 3.00 4.70 4.70 4.70 4.70 4.70 4.70 4.70 4.70 4.70 4.70 4.70
46 days to 60 days 4.95 4.95 4.95 3.00 4.95 3.00 4.95 4.95 4.95 4.95 4.95 4.95 4.95 4.95 4.95 4.95 4.95
61 days to 75 days 5.20 5.20 5.20 3.00 5.20 3.00 5.20 5.20 5.20 5.20 5.20 5.20 5.20 5.20 5.20 5.20 5.20
76 days to 90 days 5.20 5.20 5.20 3.00 5.20 3.00 5.20 5.20 5.20 5.20 5.20 5.20 5.20 5.20 5.20 5.20 5.20
91 days to 120 days 5.95 5.95 5.95 3.00 5.95 3.00 5.95 5.95 5.95 5.95 5.95 5.95 5.95 5.95 5.95 5.95 5.95
121 days to 150 days 5.95 5.95 5.95 3.25 5.95 3.25 5.95 5.95 5.95 5.95 5.95 5.95 5.95 5.95 5.95 5.95 5.95
151 days to 180 days 5.95 5.95 5.95 3.25 5.95 3.25 5.95 5.95 5.95 5.95 5.95 5.95 5.95 5.95 5.95 5.95 5.95
181 days to 210 days 6.20 6.20 6.20 3.50 6.20 3.50 6.20 6.20 6.20 6.20 6.20 6.20 6.20 6.20 6.20 6.20 6.20
211 days to 240 days 6.30 6.30 6.30 3.50 6.30 3.50 6.30 6.30 6.30 6.30 6.30 6.30 6.30 6.30 6.30 6.30 6.30
241 days to 270 days 6.30 6.30 6.30 3.50 6.30 3.50 6.30 6.30 6.30 6.30 6.30 6.30 6.30 6.30 6.30 6.30 6.30
271 days to 364 days 6.55 6.55 6.55 3.50 6.55 3.50 6.55 6.55 6.55 6.55 6.55 6.55 6.55 6.55 6.55 6.55 6.55
365 - 452 days 6.70 6.70 6.70 3.50 6.70 3.50 6.70 6.70 6.70 6.70 6.70 6.70 6.70 6.70 6.70 6.70 6.70
453 - 499 days 6.70 6.70 6.70 3.00 6.70 3.00 6.70 6.70 6.70 6.70 6.70 6.70 6.70 6.70 6.70 6.70 6.70
500 days 6.70 6.70 6.70 3.00 6.70 3.00 6.70 6.70 6.70 6.70 6.70 6.70 6.70 6.70 6.70 6.70 6.70
501 days to 545 days 6.70 6.70 6.70 3.00 6.70 3.00 6.70 6.70 6.70 6.70 6.70 6.70 6.70 6.70 6.70 6.70 6.70
546 days to 24 months 6.70 6.70 6.70 3.00 6.70 3.00 6.70 6.70 6.70 6.70 6.70 6.70 6.70 6.70 6.70 6.70 6.70
24 M 1D to 36 M 6.70 6.70 6.70 3.00 6.70 3.00 6.70 6.70 6.70 6.70 6.70 6.70 6.70 6.70 6.70 6.70 6.70
36 M 1D to less than 60 M 6.70 6.70 6.70 3.00 6.70 3.00 6.70 6.70 6.70 6.70 6.70 6.70 6.70 6.70 6.70 6.70 6.70
60 M to 120 M 6.70 6.70 6.70 3.00 6.70 3.00 6.70 6.70 6.70 6.70 6.70 6.70 6.70 6.70 6.70 6.70 6.70
Premature Withdrawal Allowed (Callable Deposit Rates)
Tenor
